4294967294,0
4294967279,276
4294967279,273
4294967278,358
4294967279,259
4294967279,553
4294967278,357
4294967279,274
4294967278,356
4294967279,552
4294967279,551
4294967279,550
4294967278,355
4294967294,14
4294967278,354
4294967279,549
4294967279,548
4294967278,353
4294967278,0
4294967278,132
4294967278,131
4294967278,130
4294967278,129
4294967278,128
4294967278,127
4294967278,126
4294967278,125
4294967278,124
4294967278,123
4294967278,120
4294967278,119
4294967278,118
4294967278,117
4294967278,116
4294967278,115
4294967278,114
4294967278,113
4294967278,112
4294967278,233
4294967278,111
4294967278,110
4294967278,109
4294967278,108
4294967278,107
4294967278,223
4294967278,106
4294967278,105
4294967278,104
4294967278,103
4294967278,102
4294967278,101
4294967278,100
4294967278,99
4294967278,98
4294967278,97
4294967278,96
4294967278,95
4294967278,94
4294967278,93
4294967278,92
4294967278,91
4294967278,90
4294967278,89
4294967278,87
4294967278,86
4294967278,85
4294967278,84
4294967278,83
4294967278,82
4294967278,81
4294967278,80
4294967278,79
4294967278,78
4294967278,77
4294967278,76
4294967278,75
4294967278,74
4294967278,73
4294967278,72
4294967278,71
4294967278,70
4294967278,69
4294967278,68
4294967278,67
4294967278,66
4294967278,65
4294967278,64
4294967278,63
4294967278,62
4294967278,61
4294967278,60
4294967278,59
4294967278,58
4294967278,57
4294967278,56
4294967278,55
4294967278,54
4294967278,53
4294967278,52
4294967278,51
4294967278,50
4294967278,49
4294967278,48
4294967278,47
4294967278,46
4294967278,45
4294967278,44
4294967278,43
4294967278,42
4294967278,41
4294967278,40
4294967278,39
4294967278,38
4294967279,16
4294967279,9
4294967279,8
4294967279,7
4294967279,6
4294967279,5
4294967279,4
4294967278,122
4294967278,252
4294967279,547
4294967279,0
4294967278,121
4294967278,251
4294967294,7
4294967294,6
4294967294,30
4294967294,942
4294967294,941
4294967294,939
4294967294,938
4294967294,933
4294967294,922
4294967294,436
4294967294,318
4294967294,317
4294967294,316
4294967294,315
4294967294,60
0,5
4294967294,67
4294967294,93
4294967294,95
4294967278,248
4294967294,50
4294967294,12
4294967294,25
4294967294,946
4294967294,26
4294967294,81
4294967294,11
4294967294,68
4294967294,5
4294967279,546
4294967278,352
4294967278,351
4294967279,545
4294967294,437
32,4
32,3
32,2
32,1
4294967279,544
30,6
30,5
30,4
30,3
30,2
30,1
4294967278,350
4294967278,349
29,5
29,4
29,3
29,2
29,1
4294967279,543
4294967279,542
4294967278,348
4294967279,541
28,5
28,4
28,3
28,2
28,1
4294967278,347
4294967278,346
4294967279,540
4294967278,345
27,5
27,4
27,3
27,2
27,1
4294967279,539
4294967279,538
4294967279,537
4294967279,536
4294967278,344
26,4
26,3
26,2
26,1
4294967278,343
4294967279,535
4294967278,342
4294967278,341
4294967279,534
4294967278,340
4294967279,533
4294967278,339
4294967279,532
4294967278,338
4294967279,531
4294967279,530
4294967278,337
25,4
25,3
25,2
25,1
24,6
24,5
24,4
24,3
24,2
24,1
4294967279,529
4294967279,528
23,5
23,4
23,3
23,2
23,1
4294967278,336
4294967279,527
4294967278,335
22,5
22,4
22,3
22,2
22,1
4294967279,526
4294967278,334
4294967279,525
21,5
21,4
21,3
21,2
21,1
20,4
20,3
20,2
20,1
4294967278,333
4294967279,524
4294967279,523
4294967279,522
4294967279,521
4294967278,332
19,4
19,3
19,2
19,1
4294967279,520
4294967279,519
18,6
4294967279,518
4294967278,331
4294967278,330
4294967279,517
18,5
4294967278,329
4294967279,516
4294967278,328
18,4
4294967279,515
18,3
18,2
18,1
4294967278,327
4294967279,514
4294967278,326
4294967279,513
4294967278,325
4294967279,512
4294967278,324
17,5
4294967279,319
4294967278,323
17,4
17,3
17,2
17,1
4294967279,318
16,5
16,4
16,3
16,2
16,1
15,5
15,4
15,3
15,2
15,1
14,4
14,3
14,2
14,1
4294967278,322
4294967279,317
4294967278,321
4294967279,316
4294967278,320
4294967279,315
4294967278,319
4294967279,314
4294967278,318
4294967279,313
4294967279,312
4294967278,317
4294967279,311
4294967278,316
13,4
13,3
13,2
13,1
4294967279,310
4294967278,315
4294967279,309
4294967279,308
12,6
4294967279,307
4294967278,314
4294967278,313
12,5
12,4
12,3
12,2
12,1
4294967279,306
4294967278,312
4294967279,305
4294967279,304
11,5
11,4
11,3
11,2
11,1
4294967278,311
4294967279,303
4294967278,310
4294967279,302
4294967278,309
4294967278,308
10,5
10,4
10,3
10,2
10,1
4294967279,301
4294967278,307
4294967279,300
4294967279,299
9,5
9,4
9,3
9,2
9,1
4294967278,306
8,4
8,3
8,2
8,1
4294967279,298
4294967278,305
4294967279,297
4294967278,304
4294967279,296
4294967278,303
4294967279,295
4294967278,302
4294967279,294
